gradient_clip_val: 1.0
learning_rate: 1.7822504765203973e-05
lr_scheduler: cosine
teacher_forcing_ratio: 0.7583372734774674
weight_decay: 0.0008915808641906547
