gradient_clip_val: 1.0
learning_rate: 0.00014415447415476283
lr_scheduler: cosine
teacher_forcing_ratio: 0.40174023060724523
weight_decay: 0.0009631549285872562
