gradient_clip_val: 1.0
learning_rate: 6.810583029019044e-05
lr_scheduler: cosine
teacher_forcing_ratio: 0.6864061040071014
weight_decay: 4.23260008090155e-06
